1 18
2 6
3 1
4 9
5 9
6 8
7 13
8 19
9 4
10 8
11 20
12 8
13 4
14 1
15 3
16 14
17 6
18 16
19 19
20 10
21 5
22 11
23 14
24 8
25 13
26 13
27 5
28 11
29 7
30 4
31 6
32 17
33 5
34 20
35 16
36 4
37 4
38 11
39 10
40 2
41 2
42 5
43 8
44 13
45 12
46 13
47 8
48 5
49 3
50 9
51 1
52 9
53 15
54 5
55 5
56 8
57 13
58 14
59 16
60 17
61 3
62 3
63 12
64 20
65 3
66 4
67 4
68 4
69 5
70 20
71 11
72 15
73 6
74 17
75 8
76 20
77 3
78 2
79 16
80 1
81 6
82 1
83 8
84 18
85 4
86 17
87 2
88 1
89 15
90 9
91 12
92 10
93 15
94 14
95 19
96 20
97 13
98 8
99 10
100 9
