1 6
2 9
3 18
4 6
5 10
6 9
7 9
8 18
9 8
10 2
11 12
12 7
13 12
14 19
15 2
16 7
17 11
18 9
19 12
20 9
21 2
22 18
23 7
24 18
25 12
26 17
27 16
28 15
29 19
30 16
31 12
32 2
33 12
34 6
35 6
36 12
37 3
38 1
39 2
40 10
41 9
42 16
43 14
44 9
45 16
46 9
47 7
48 5
49 4
50 20
51 11
52 13
53 11
54 19
55 6
56 9
57 2
58 1
59 14
60 13
61 14
62 15
63 19
64 12
65 10
66 10
67 16
68 7
69 14
70 10
71 4
72 11
73 8
74 2
75 1
76 7
77 4
78 18
79 2
80 4
81 10
82 11
83 12
84 20
85 6
86 19
87 11
88 14
89 20
90 18
91 10
92 3
93 8
94 9
95 17
96 15
97 17
98 3
99 19
100 6
101 14
102 1
103 11
104 14
105 16
106 1
107 6
108 10
109 19
110 20
111 5
112 5
113 19
114 11
115 3
116 3
117 3
118 20
119 7
120 11
121 19
122 2
123 7
124 17
125 1
126 2
127 4
128 20
129 6
130 6
131 10
132 2
133 19
134 16
135 10
136 10
137 20
138 19
139 4
140 5
141 14
142 2
143 16
144 1
145 13
146 6
147 4
148 17
149 6
150 14
151 12
152 18
153 17
154 9
155 8
156 12
157 15
158 15
159 13
160 14
161 18
162 7
163 5
164 13
165 11
166 3
167 6
168 3
169 2
170 14
171 4
172 5
173 16
174 2
175 18
176 18
177 7
178 6
179 4
180 15
181 18
182 7
183 14
184 12
185 14
186 12
187 6
188 11
189 9
190 18
191 15
192 6
193 6
194 11
195 8
196 8
197 17
198 4
199 11
200 11
201 1
202 2
203 16
204 12
205 11
206 8
207 2
208 15
209 11
210 10
211 6
212 9
213 11
214 18
215 17
216 11
217 13
218 13
219 19
220 19
221 18
222 15
223 14
224 4
225 20
226 18
227 20
228 6
229 14
230 10
231 1
232 4
233 16
234 14
235 15
236 17
237 11
238 3
239 2
240 7
241 11
242 11
243 1
244 19
245 13
246 6
247 15
248 8
249 15
250 17
251 16
252 5
253 5
254 13
255 14
256 7
257 8
258 13
259 12
260 13
261 8
262 16
263 2
264 1
265 10
266 2
267 13
268 18
269 4
270 20
271 20
272 10
273 12
274 12
275 8
276 7
277 15
278 16
279 11
280 14
281 3
282 13
283 12
284 17
285 15
286 17
287 19
288 4
289 1
290 9
291 9
292 19
293 11
294 9
295 19
296 15
297 10
298 20
299 10
300 11
301 14
302 18
303 5
304 15
305 17
306 6
307 13
308 13
309 5
310 7
311 13
312 13
313 2
314 19
315 10
316 16
317 5
318 5
319 6
320 14
321 4
322 10
323 18
324 15
325 12
326 2
327 20
328 3
329 14
330 14
331 18
332 15
333 7
334 20
335 1
336 6
337 8
338 18
339 20
340 10
341 4
342 7
343 20
344 14
345 17
346 16
347 17
348 13
349 20
350 4
351 10
352 5
353 14
354 16
355 8
356 4
357 1
358 10
359 3
360 16
361 7
362 11
363 20
364 12
365 10
366 18
367 7
368 3
369 18
370 5
371 8
372 8
373 6
374 17
375 10
376 18
377 10
378 4
379 19
380 16
381 5
382 7
383 3
384 11
385 4
386 14
387 2
388 11
389 12
390 17
391 5
392 19
393 15
394 5
395 3
396 14
397 7
398 8
399 4
400 19
401 10
402 15
403 15
404 16
405 16
406 3
407 20
408 17
409 6
410 11
411 14
412 17
413 11
414 7
415 11
416 20
417 8
418 10
419 8
420 17
421 17
422 17
423 11
424 2
425 1
426 10
427 14
428 1
429 14
430 17
431 11
432 2
433 1
434 20
435 7
436 11
437 13
438 8
439 15
440 2
441 15
442 5
443 5
444 2
445 3
446 8
447 9
448 8
449 14
450 4
451 7
452 17
453 1
454 7
455 3
456 14
457 4
458 14
459 15
460 7
461 9
462 19
463 3
464 10
465 1
466 13
467 17
468 11
469 1
470 20
471 8
472 20
473 15
474 7
475 3
476 13
477 12
478 10
479 19
480 14
481 1
482 6
483 7
484 11
485 11
486 14
487 2
488 14
489 18
490 14
491 8
492 20
493 13
494 9
495 13
496 16
497 2
498 16
499 2
500 11
501 11
502 18
503 7
504 15
505 17
506 7
507 3
508 14
509 5
510 11
511 2
512 15
513 16
514 2
515 6
516 4
517 12
518 13
519 19
520 7
521 11
522 3
523 14
524 8
525 13
526 9
527 7
528 6
529 15
530 7
531 11
532 16
533 9
534 8
535 3
536 4
537 19
538 13
539 15
540 4
541 12
542 9
543 10
544 8
545 12
546 13
547 4
548 12
549 4
550 9
551 5
552 9
553 17
554 15
555 1
556 9
557 5
558 20
559 2
560 9
561 1
562 17
563 19
564 18
565 20
566 7
567 7
568 8
569 20
570 2
571 5
572 19
573 19
574 16
575 16
576 2
577 13
578 6
579 16
580 1
581 5
582 16
583 3
584 6
585 2
586 3
587 20
588 14
589 8
590 14
591 20
592 19
593 11
594 7
595 3
596 15
597 11
598 12
599 9
600 6
601 7
602 17
603 12
604 2
605 5
606 7
607 11
608 1
609 20
610 20
611 16
612 19
613 5
614 2
615 4
616 6
617 15
618 13
619 17
620 18
621 7
622 14
623 1
624 6
625 3
626 6
627 8
628 13
629 14
630 1
631 12
632 1
633 18
634 11
635 15
636 8
637 5
638 1
639 2
640 16
641 12
642 19
643 14
644 9
645 18
646 1
647 15
648 10
649 3
650 18
651 1
652 18
653 16
654 12
655 19
656 13
657 17
658 6
659 20
660 20
661 19
662 19
663 8
664 20
665 8
666 15
667 2
668 15
669 8
670 17
671 2
672 15
673 12
674 1
675 6
676 9
677 20
678 13
679 9
680 2
681 11
682 19
683 11
684 16
685 20
686 14
687 6
688 6
689 12
690 2
691 12
692 19
693 1
694 3
695 18
696 14
697 11
698 15
699 1
700 3
701 19
702 1
703 2
704 6
705 17
706 7
707 7
708 16
709 6
710 10
711 14
712 4
713 18
714 18
715 9
716 1
717 8
718 13
719 20
720 14
721 10
722 16
723 3
724 7
725 6
726 3
727 14
728 10
729 4
730 12
731 19
732 6
733 12
734 6
735 3
736 11
737 17
738 5
739 19
740 14
741 8
742 11
743 20
744 2
745 8
746 8
747 2
748 3
749 14
750 17
751 6
752 18
753 15
754 7
755 14
756 3
757 18
758 16
759 1
760 15
761 13
762 17
763 12
764 15
765 12
766 8
767 13
768 13
769 15
770 18
771 4
772 4
773 14
774 7
775 6
776 20
777 17
778 2
779 19
780 18
781 2
782 11
783 16
784 7
785 7
786 1
787 12
788 6
789 13
790 20
791 14
792 1
793 4
794 5
795 1
796 12
797 19
798 6
799 11
800 1
801 16
802 10
803 8
804 17
805 14
806 3
807 5
808 9
809 1
810 14
811 7
812 17
813 18
814 4
815 13
816 3
817 2
818 5
819 9
820 11
821 17
822 8
823 20
824 15
825 5
826 3
827 20
828 9
829 6
830 15
831 2
832 11
833 11
834 19
835 3
836 13
837 3
838 20
839 14
840 4
841 17
842 4
843 5
844 19
845 14
846 17
847 4
848 1
849 13
850 19
851 10
852 14
853 18
854 20
855 4
856 9
857 10
858 14
859 12
860 11
861 3
862 16
863 3
864 7
865 13
866 17
867 6
868 20
869 1
870 1
871 20
872 2
873 12
874 5
875 15
876 14
877 3
878 2
879 2
880 9
881 20
882 20
883 17
884 7
885 5
886 8
887 14
888 12
889 15
890 15
891 3
892 10
893 9
894 4
895 2
896 1
897 1
898 18
899 7
900 17
901 12
902 5
903 1
904 12
905 20
906 9
907 3
908 14
909 5
910 11
911 6
912 9
913 12
914 4
915 11
916 3
917 19
918 16
919 2
920 5
921 4
922 15
923 5
924 7
925 18
926 10
927 14
928 8
929 3
930 15
931 14
932 6
933 15
934 5
935 17
936 15
937 20
938 6
939 8
940 17
941 6
942 1
943 7
944 4
945 9
946 15
947 19
948 5
949 13
950 19
951 2
952 5
953 16
954 3
955 14
956 17
957 20
958 14
959 14
960 10
961 15
962 15
963 11
964 11
965 18
966 1
967 14
968 7
969 7
970 17
971 4
972 14
973 9
974 6
975 19
976 3
977 8
978 1
979 18
980 4
981 12
982 9
983 16
984 4
985 13
986 10
987 10
988 13
989 12
990 20
991 15
992 6
993 12
994 18
995 2
996 11
997 10
998 17
999 7
1000 9
