0 10 60 20 25 60 90 80 30 45 70 67 30 40 61 95 80 10 35 20
   0 50 10 18 80 10  3 20 10 53 20 50 76 20 80 20 20 10 70
      0 10 11  7 20 28 30 90 87 30 90 66 30 90 21 11 20 50
         0 20 10  2 30 70 60 40 35 80 54 40 88 10 80 30 34
            0 25 50  5 88 50 20 50 65 20 10 77 12 70 40 12
               0 50 50 55 40 35 60 78 12 56 70 30 12 50 13
                  0 10 99 23 76 79 23 10 78 34 45 20 60 15
                     0 15 89 12 80 43 28 90 20 78 10 75 38
                        0 26 10 35 55 30 80 12 98 28 12 96
                           0 28 90 78 50 44 10 28 30 80 10
                              0 21 22 80 22 25 35 60 90 23
                                 0 21 40 15 35 38 70 25 28
                                    0 22 18 40 37 45 35 75
                                       0 91 45 23 50 56 90 
                                          0 80 90 55 68 95
                                             0 20 95 98 48
                                                0 10 27 55
                                                   0 75 59
                                                      0 10
                                                         0